Running 30s test @ http://127.0.0.1:8080/index.html
  2 threads and 100 connections
  Thread calibration: mean lat.: 12.139ms, rate sampling interval: 33ms
  Thread calibration: mean lat.: 12.178ms, rate sampling interval: 33ms
  Thread Stats   Avg      Stdev     99%   +/- Stdev
    Latency    12.12ms    3.28ms  25.26ms   87.82%
    Req/Sec     0.89k   165.66     1.27k    67.61%
  Latency Distribution (HdrHistogram - Recorded Latency)
 50.000%   11.01ms
 75.000%   11.94ms
 90.000%   16.72ms
 99.000%   25.26ms
 99.900%   34.30ms
 99.990%   39.42ms
 99.999%   46.56ms
100.000%   46.56ms

  Detailed Percentile spectrum:
       Value   Percentile   TotalCount 1/(1-Percentile)

       8.831     0.000000            1         1.00
      10.047     0.100000         3570         1.11
      10.335     0.200000         7093         1.25
      10.559     0.300000        10566         1.43
      10.775     0.400000        14053         1.67
      11.007     0.500000        17443         2.00
      11.143     0.550000        19274         2.22
      11.287     0.600000        20999         2.50
      11.447     0.650000        22683         2.86
      11.655     0.700000        24473         3.33
      11.943     0.750000        26183         4.00
      12.143     0.775000        27057         4.44
      12.423     0.800000        27915         5.00
      12.871     0.825000        28786         5.71
      13.743     0.850000        29651         6.67
      15.215     0.875000        30523         8.00
      15.967     0.887500        30959         8.89
      16.719     0.900000        31402        10.00
      17.439     0.912500        31831        11.43
      18.239     0.925000        32276        13.33
      19.007     0.937500        32709        16.00
      19.391     0.943750        32926        17.78
      19.775     0.950000        33144        20.00
      20.143     0.956250        33359        22.86
      20.527     0.962500        33579        26.67
      20.943     0.968750        33803        32.00
      21.215     0.971875        33905        35.56
      21.535     0.975000        34013        40.00
      21.903     0.978125        34123        45.71
      22.415     0.981250        34230        53.33
      23.167     0.984375        34339        64.00
      23.647     0.985938        34393        71.11
      24.127     0.987500        34447        80.00
      24.863     0.989062        34502        91.43
      25.471     0.990625        34557       106.67
      26.351     0.992188        34611       128.00
      26.623     0.992969        34638       142.22
      27.007     0.993750        34666       160.00
      27.615     0.994531        34693       182.86
      28.367     0.995313        34720       213.33
      28.975     0.996094        34748       256.00
      29.343     0.996484        34762       284.44
      29.599     0.996875        34774       320.00
      30.271     0.997266        34789       365.71
      31.023     0.997656        34802       426.67
      31.615     0.998047        34815       512.00
      32.015     0.998242        34822       568.89
      32.223     0.998437        34829       640.00
      33.119     0.998633        34836       731.43
      33.727     0.998828        34843       853.33
      34.303     0.999023        34849      1024.00
      35.007     0.999121        34853      1137.78
      35.327     0.999219        34856      1280.00
      35.743     0.999316        34860      1462.86
      36.223     0.999414        34863      1706.67
      36.703     0.999512        34866      2048.00
      37.311     0.999561        34868      2275.56
      37.759     0.999609        34870      2560.00
      37.951     0.999658        34872      2925.71
      38.047     0.999707        34873      3413.33
      38.623     0.999756        34875      4096.00
      38.751     0.999780        34876      4551.11
      38.911     0.999805        34877      5120.00
      38.975     0.999829        34878      5851.43
      38.975     0.999854        34878      6826.67
      39.135     0.999878        34879      8192.00
      39.423     0.999890        34880      9102.22
      39.423     0.999902        34880     10240.00
      39.583     0.999915        34881     11702.86
      39.583     0.999927        34881     13653.33
      39.583     0.999939        34881     16384.00
      42.591     0.999945        34882     18204.44
      42.591     0.999951        34882     20480.00
      42.591     0.999957        34882     23405.71
      42.591     0.999963        34882     27306.67
      42.591     0.999969        34882     32768.00
      46.559     0.999973        34883     36408.89
      46.559     1.000000        34883          inf
#[Mean    =       12.119, StdDeviation   =        3.276]
#[Max     =       46.528, Total count    =        34883]
#[Buckets =           27, SubBuckets     =         2048]
----------------------------------------------------------
  52275 requests in 30.00s, 10.72MB read
Requests/sec:   1742.48
Transfer/sec:    365.85KB
