Running 30s test @ http://127.0.0.1:8080/index.html
  2 threads and 100 connections
  Thread calibration: mean lat.: 11.936ms, rate sampling interval: 32ms
  Thread calibration: mean lat.: 11.897ms, rate sampling interval: 32ms
  Thread Stats   Avg      Stdev     99%   +/- Stdev
    Latency    12.01ms    3.22ms  25.04ms   87.85%
    Req/Sec     0.89k   169.67     1.31k    68.01%
  Latency Distribution (HdrHistogram - Recorded Latency)
 50.000%   10.92ms
 75.000%   11.82ms
 90.000%   16.50ms
 99.000%   25.04ms
 99.900%   32.80ms
 99.990%   41.60ms
 99.999%   45.73ms
100.000%   45.73ms

  Detailed Percentile spectrum:
       Value   Percentile   TotalCount 1/(1-Percentile)

       8.671     0.000000            1         1.00
       9.975     0.100000         3527         1.11
      10.255     0.200000         7022         1.25
      10.487     0.300000        10564         1.43
      10.695     0.400000        14034         1.67
      10.919     0.500000        17498         2.00
      11.039     0.550000        19197         2.22
      11.175     0.600000        20969         2.50
      11.343     0.650000        22687         2.86
      11.551     0.700000        24465         3.33
      11.823     0.750000        26160         4.00
      12.023     0.775000        27059         4.44
      12.287     0.800000        27907         5.00
      12.711     0.825000        28775         5.71
      13.599     0.850000        29650         6.67
      15.007     0.875000        30525         8.00
      15.751     0.887500        30955         8.89
      16.495     0.900000        31394        10.00
      17.279     0.912500        31835        11.43
      18.079     0.925000        32266        13.33
      18.863     0.937500        32702        16.00
      19.215     0.943750        32924        17.78
      19.551     0.950000        33136        20.00
      19.951     0.956250        33356        22.86
      20.319     0.962500        33573        26.67
      20.783     0.968750        33795        32.00
      21.023     0.971875        33903        35.56
      21.327     0.975000        34014        40.00
      21.695     0.978125        34118        45.71
      22.319     0.981250        34226        53.33
      23.167     0.984375        34335        64.00
      23.727     0.985938        34389        71.11
      24.191     0.987500        34446        80.00
      24.607     0.989062        34498        91.43
      25.279     0.990625        34552       106.67
      25.727     0.992188        34607       128.00
      26.111     0.992969        34633       142.22
      26.511     0.993750        34663       160.00
      27.071     0.994531        34691       182.86
      27.647     0.995313        34715       213.33
      28.239     0.996094        34742       256.00
      28.543     0.996484        34758       284.44
      28.895     0.996875        34770       320.00
      29.359     0.997266        34784       365.71
      29.679     0.997656        34797       426.67
      30.431     0.998047        34810       512.00
      30.751     0.998242        34817       568.89
      30.943     0.998437        34824       640.00
      31.663     0.998633        34832       731.43
      32.239     0.998828        34838       853.33
      32.831     0.999023        34846      1024.00
      33.311     0.999121        34848      1137.78
      33.791     0.999219        34851      1280.00
      34.527     0.999316        34855      1462.86
      34.879     0.999414        34858      1706.67
      35.391     0.999512        34861      2048.00
      36.063     0.999561        34863      2275.56
      36.703     0.999609        34865      2560.00
      37.311     0.999658        34867      2925.71
      37.567     0.999707        34868      3413.33
      38.495     0.999756        34870      4096.00
      38.719     0.999780        34871      4551.11
      39.103     0.999805        34872      5120.00
      40.607     0.999829        34873      5851.43
      40.607     0.999854        34873      6826.67
      41.375     0.999878        34874      8192.00
      41.599     0.999890        34875      9102.22
      41.599     0.999902        34875     10240.00
      43.295     0.999915        34876     11702.86
      43.295     0.999927        34876     13653.33
      43.295     0.999939        34876     16384.00
      44.223     0.999945        34877     18204.44
      44.223     0.999951        34877     20480.00
      44.223     0.999957        34877     23405.71
      44.223     0.999963        34877     27306.67
      44.223     0.999969        34877     32768.00
      45.727     0.999973        34878     36408.89
      45.727     1.000000        34878          inf
#[Mean    =       12.009, StdDeviation   =        3.220]
#[Max     =       45.696, Total count    =        34878]
#[Buckets =           27, SubBuckets     =         2048]
----------------------------------------------------------
  52273 requests in 30.00s, 10.72MB read
Requests/sec:   1742.46
Transfer/sec:    365.85KB
