Running 30s test @ http://127.0.0.1:8080/index.html
  2 threads and 100 connections
  Thread calibration: mean lat.: 4482.987ms, rate sampling interval: 15851ms
  Thread calibration: mean lat.: 4476.761ms, rate sampling interval: 15818ms
  Thread Stats   Avg      Stdev     99%   +/- Stdev
    Latency    17.57s     5.09s   26.30s    57.88%
    Req/Sec   165.00      0.00   165.00    100.00%
  Latency Distribution (HdrHistogram - Recorded Latency)
 50.000%   17.58s 
 75.000%   21.97s 
 90.000%   24.59s 
 99.000%   26.30s 
 99.900%   26.80s 
 99.990%   26.98s 
 99.999%   27.07s 
100.000%   27.07s 

  Detailed Percentile spectrum:
       Value   Percentile   TotalCount 1/(1-Percentile)

    8159.231     0.000000            1         1.00
   10526.719     0.100000          658         1.11
   12304.383     0.200000         1321         1.25
   14073.855     0.300000         1972         1.43
   15802.367     0.400000         2626         1.67
   17580.031     0.500000         3285         2.00
   18448.383     0.550000         3613         2.22
   19349.503     0.600000         3943         2.50
   20217.855     0.650000         4276         2.86
   21102.591     0.700000         4598         3.33
   21970.943     0.750000         4926         4.00
   22413.311     0.775000         5089         4.44
   22839.295     0.800000         5253         5.00
   23298.047     0.825000         5422         5.71
   23707.647     0.850000         5583         6.67
   24166.399     0.875000         5749         8.00
   24379.391     0.887500         5827         8.89
   24592.383     0.900000         5909        10.00
   24821.759     0.912500         5996        11.43
   25034.751     0.925000         6076        13.33
   25280.511     0.937500         6160        16.00
   25362.431     0.943750         6196        17.78
   25493.503     0.950000         6244        20.00
   25591.807     0.956250         6282        22.86
   25706.495     0.962500         6324        26.67
   25821.183     0.968750         6361        32.00
   25903.103     0.971875         6385        35.56
   25952.255     0.975000         6402        40.00
   26017.791     0.978125         6424        45.71
   26066.943     0.981250         6445        53.33
   26148.863     0.984375         6467        64.00
   26198.015     0.985938         6476        71.11
   26247.167     0.987500         6486        80.00
   26296.319     0.989062         6499        91.43
   26329.087     0.990625         6507       106.67
   26411.007     0.992188         6515       128.00
   26427.391     0.992969         6521       142.22
   26476.543     0.993750         6527       160.00
   26525.695     0.994531         6531       182.86
   26542.079     0.995313         6535       213.33
   26574.847     0.996094         6541       256.00
   26591.231     0.996484         6544       284.44
   26607.615     0.996875         6547       320.00
   26623.999     0.997266         6548       365.71
   26656.767     0.997656         6551       426.67
   26689.535     0.998047         6555       512.00
   26689.535     0.998242         6555       568.89
   26689.535     0.998437         6555       640.00
   26771.455     0.998633         6557       731.43
   26804.223     0.998828         6559       853.33
   26804.223     0.999023         6559      1024.00
   26820.607     0.999121         6560      1137.78
   26820.607     0.999219         6560      1280.00
   26836.991     0.999316         6561      1462.86
   26886.143     0.999414         6562      1706.67
   26886.143     0.999512         6562      2048.00
   26951.679     0.999561         6563      2275.56
   26951.679     0.999609         6563      2560.00
   26951.679     0.999658         6563      2925.71
   26984.447     0.999707         6564      3413.33
   26984.447     0.999756         6564      4096.00
   26984.447     0.999780         6564      4551.11
   26984.447     0.999805         6564      5120.00
   26984.447     0.999829         6564      5851.43
   27066.367     0.999854         6565      6826.67
   27066.367     1.000000         6565          inf
#[Mean    =    17570.082, StdDeviation   =     5086.802]
#[Max     =    27049.984, Total count    =         6565]
#[Buckets =           27, SubBuckets     =         2048]
----------------------------------------------------------
  9791 requests in 30.02s, 2.01MB read
  Socket errors: connect 0, read 0, write 0, timeout 631
Requests/sec:    326.10
Transfer/sec:     68.47KB
