Running 30s test @ http://127.0.0.1:8080/index.html
  2 threads and 100 connections
  Thread calibration: mean lat.: 4502.883ms, rate sampling interval: 15884ms
  Thread calibration: mean lat.: 4500.623ms, rate sampling interval: 15876ms
  Thread Stats   Avg      Stdev     99%   +/- Stdev
    Latency    17.58s     5.09s   26.33s    57.80%
    Req/Sec   164.00      0.00   164.00    100.00%
  Latency Distribution (HdrHistogram - Recorded Latency)
 50.000%   17.55s 
 75.000%   22.00s 
 90.000%   24.64s 
 99.000%   26.33s 
 99.900%   26.79s 
 99.990%   26.89s 
 99.999%   27.07s 
100.000%   27.07s 

  Detailed Percentile spectrum:
       Value   Percentile   TotalCount 1/(1-Percentile)

    8376.319     0.000000            1         1.00
   10567.679     0.100000          655         1.11
   12287.999     0.200000         1305         1.25
   14057.471     0.300000         1959         1.43
   15802.367     0.400000         2611         1.67
   17547.263     0.500000         3267         2.00
   18464.767     0.550000         3593         2.22
   19365.887     0.600000         3918         2.50
   20250.623     0.650000         4251         2.86
   21118.975     0.700000         4570         3.33
   22003.711     0.750000         4894         4.00
   22446.079     0.775000         5056         4.44
   22921.215     0.800000         5223         5.00
   23363.583     0.825000         5384         5.71
   23789.567     0.850000         5549         6.67
   24215.551     0.875000         5710         8.00
   24428.543     0.887500         5792         8.89
   24641.535     0.900000         5874        10.00
   24854.527     0.912500         5953        11.43
   25083.903     0.925000         6035        13.33
   25280.511     0.937500         6115        16.00
   25395.199     0.943750         6156        17.78
   25509.887     0.950000         6199        20.00
   25640.959     0.956250         6242        22.86
   25739.263     0.962500         6278        26.67
   25837.567     0.968750         6322        32.00
   25903.103     0.971875         6339        35.56
   25968.639     0.975000         6361        40.00
   26017.791     0.978125         6380        45.71
   26083.327     0.981250         6402        53.33
   26148.863     0.984375         6421        64.00
   26214.399     0.985938         6432        71.11
   26263.551     0.987500         6441        80.00
   26296.319     0.989062         6452        91.43
   26345.471     0.990625         6463       106.67
   26394.623     0.992188         6474       128.00
   26427.391     0.992969         6477       142.22
   26476.543     0.993750         6484       160.00
   26509.311     0.994531         6488       182.86
   26558.463     0.995313         6495       213.33
   26574.847     0.996094         6497       256.00
   26607.615     0.996484         6501       284.44
   26640.383     0.996875         6504       320.00
   26656.767     0.997266         6506       365.71
   26673.151     0.997656         6508       426.67
   26722.303     0.998047         6511       512.00
   26722.303     0.998242         6511       568.89
   26738.687     0.998437         6512       640.00
   26771.455     0.998633         6514       731.43
   26787.839     0.998828         6515       853.33
   26820.607     0.999023         6516      1024.00
   26836.991     0.999121         6517      1137.78
   26836.991     0.999219         6517      1280.00
   26869.759     0.999316         6519      1462.86
   26869.759     0.999414         6519      1706.67
   26869.759     0.999512         6519      2048.00
   26886.143     0.999561         6521      2275.56
   26886.143     0.999609         6521      2560.00
   26886.143     0.999658         6521      2925.71
   26886.143     0.999707         6521      3413.33
   26886.143     0.999756         6521      4096.00
   26886.143     0.999780         6521      4551.11
   26886.143     0.999805         6521      5120.00
   26886.143     0.999829         6521      5851.43
   27066.367     0.999854         6522      6826.67
   27066.367     1.000000         6522          inf
#[Mean    =    17583.739, StdDeviation   =     5092.462]
#[Max     =    27049.984, Total count    =         6522]
#[Buckets =           27, SubBuckets     =         2048]
----------------------------------------------------------
  9731 requests in 30.02s, 2.00MB read
  Socket errors: connect 0, read 0, write 0, timeout 623
Requests/sec:    324.12
Transfer/sec:     68.05KB
