Running 30s test @ http://127.0.0.1:8080/index.html
  2 threads and 100 connections
  Thread calibration: mean lat.: 4512.933ms, rate sampling interval: 15933ms
  Thread calibration: mean lat.: 4494.413ms, rate sampling interval: 15900ms
  Thread Stats   Avg      Stdev     99%   +/- Stdev
    Latency    17.59s     5.06s   26.28s    57.96%
    Req/Sec   165.00      0.00   165.00    100.00%
  Latency Distribution (HdrHistogram - Recorded Latency)
 50.000%   17.60s 
 75.000%   21.97s 
 90.000%   24.59s 
 99.000%   26.28s 
 99.900%   26.74s 
 99.990%   26.98s 
 99.999%   27.00s 
100.000%   27.00s 

  Detailed Percentile spectrum:
       Value   Percentile   TotalCount 1/(1-Percentile)

    8212.479     0.000000            1         1.00
   10592.255     0.100000          657         1.11
   12337.151     0.200000         1313         1.25
   14090.239     0.300000         1969         1.43
   15826.943     0.400000         2623         1.67
   17596.415     0.500000         3279         2.00
   18481.151     0.550000         3607         2.22
   19365.887     0.600000         3935         2.50
   20217.855     0.650000         4261         2.86
   21086.207     0.700000         4588         3.33
   21970.943     0.750000         4915         4.00
   22396.927     0.775000         5082         4.44
   22839.295     0.800000         5244         5.00
   23265.279     0.825000         5408         5.71
   23724.031     0.850000         5575         6.67
   24150.015     0.875000         5737         8.00
   24379.391     0.887500         5821         8.89
   24592.383     0.900000         5898        10.00
   24805.375     0.912500         5984        11.43
   25051.135     0.925000         6069        13.33
   25264.127     0.937500         6149        16.00
   25362.431     0.943750         6191        17.78
   25493.503     0.950000         6228        20.00
   25575.423     0.956250         6267        22.86
   25690.111     0.962500         6308        26.67
   25837.567     0.968750         6352        32.00
   25870.335     0.971875         6369        35.56
   25919.487     0.975000         6393        40.00
   25985.023     0.978125         6415        45.71
   26050.559     0.981250         6432        53.33
   26132.479     0.984375         6452        64.00
   26165.247     0.985938         6463        71.11
   26198.015     0.987500         6473        80.00
   26247.167     0.989062         6484        91.43
   26312.703     0.990625         6497       106.67
   26345.471     0.992188         6503       128.00
   26361.855     0.992969         6507       142.22
   26427.391     0.993750         6515       160.00
   26443.775     0.994531         6519       182.86
   26476.543     0.995313         6523       213.33
   26525.695     0.996094         6528       256.00
   26558.463     0.996484         6530       284.44
   26591.231     0.996875         6537       320.00
   26591.231     0.997266         6537       365.71
   26607.615     0.997656         6538       426.67
   26656.767     0.998047         6542       512.00
   26656.767     0.998242         6542       568.89
   26689.535     0.998437         6544       640.00
   26722.303     0.998633         6545       731.43
   26738.687     0.998828         6546       853.33
   26853.375     0.999023         6547      1024.00
   26869.759     0.999121         6548      1137.78
   26869.759     0.999219         6548      1280.00
   26886.143     0.999316         6549      1462.86
   26902.527     0.999414         6550      1706.67
   26902.527     0.999512         6550      2048.00
   26918.911     0.999561         6551      2275.56
   26918.911     0.999609         6551      2560.00
   26918.911     0.999658         6551      2925.71
   26984.447     0.999707         6552      3413.33
   26984.447     0.999756         6552      4096.00
   26984.447     0.999780         6552      4551.11
   26984.447     0.999805         6552      5120.00
   26984.447     0.999829         6552      5851.43
   27000.831     0.999854         6553      6826.67
   27000.831     1.000000         6553          inf
#[Mean    =    17590.058, StdDeviation   =     5062.518]
#[Max     =    26984.448, Total count    =         6553]
#[Buckets =           27, SubBuckets     =         2048]
----------------------------------------------------------
  9793 requests in 30.02s, 2.01MB read
  Socket errors: connect 0, read 0, write 0, timeout 636
Requests/sec:    326.27
Transfer/sec:     68.50KB
