Running 30s test @ http://127.0.0.1:8080/index.html
  2 threads and 100 connections
  Thread calibration: mean lat.: 4509.607ms, rate sampling interval: 15900ms
  Thread calibration: mean lat.: 4510.775ms, rate sampling interval: 15982ms
  Thread Stats   Avg      Stdev     99%   +/- Stdev
    Latency    17.59s     5.06s   26.25s    57.80%
    Req/Sec   164.50      0.50   165.00    100.00%
  Latency Distribution (HdrHistogram - Recorded Latency)
 50.000%   17.61s 
 75.000%   22.00s 
 90.000%   24.59s 
 99.000%   26.25s 
 99.900%   26.72s 
 99.990%   26.84s 
 99.999%   26.87s 
100.000%   26.87s 

  Detailed Percentile spectrum:
       Value   Percentile   TotalCount 1/(1-Percentile)

    8544.255     0.000000            2         1.00
   10584.063     0.100000          659         1.11
   12320.767     0.200000         1313         1.25
   14090.239     0.300000         1971         1.43
   15843.327     0.400000         2624         1.67
   17612.799     0.500000         3285         2.00
   18481.151     0.550000         3608         2.22
   19349.503     0.600000         3936         2.50
   20234.239     0.650000         4265         2.86
   21102.591     0.700000         4594         3.33
   22003.711     0.750000         4921         4.00
   22396.927     0.775000         5084         4.44
   22839.295     0.800000         5247         5.00
   23281.663     0.825000         5410         5.71
   23707.647     0.850000         5574         6.67
   24182.783     0.875000         5742         8.00
   24379.391     0.887500         5824         8.89
   24608.767     0.900000         5903        10.00
   24821.759     0.912500         5990        11.43
   25034.751     0.925000         6068        13.33
   25280.511     0.937500         6153        16.00
   25362.431     0.943750         6193        17.78
   25477.119     0.950000         6233        20.00
   25591.807     0.956250         6276        22.86
   25690.111     0.962500         6317        26.67
   25804.799     0.968750         6354        32.00
   25870.335     0.971875         6380        35.56
   25935.871     0.975000         6403        40.00
   25968.639     0.978125         6414        45.71
   26050.559     0.981250         6438        53.33
   26132.479     0.984375         6459        64.00
   26165.247     0.985938         6468        71.11
   26198.015     0.987500         6478        80.00
   26230.783     0.989062         6489        91.43
   26279.935     0.990625         6499       106.67
   26345.471     0.992188         6507       128.00
   26361.855     0.992969         6512       142.22
   26427.391     0.993750         6519       160.00
   26460.159     0.994531         6522       182.86
   26492.927     0.995313         6527       213.33
   26525.695     0.996094         6533       256.00
   26542.079     0.996484         6536       284.44
   26558.463     0.996875         6537       320.00
   26591.231     0.997266         6540       365.71
   26607.615     0.997656         6543       426.67
   26623.999     0.998047         6545       512.00
   26640.383     0.998242         6546       568.89
   26656.767     0.998437         6547       640.00
   26689.535     0.998633         6549       731.43
   26722.303     0.998828         6550       853.33
   26738.687     0.999023         6551      1024.00
   26755.071     0.999121         6552      1137.78
   26755.071     0.999219         6552      1280.00
   26787.839     0.999316         6553      1462.86
   26804.223     0.999414         6554      1706.67
   26804.223     0.999512         6554      2048.00
   26820.607     0.999561         6555      2275.56
   26820.607     0.999609         6555      2560.00
   26820.607     0.999658         6555      2925.71
   26836.991     0.999707         6556      3413.33
   26836.991     0.999756         6556      4096.00
   26836.991     0.999780         6556      4551.11
   26836.991     0.999805         6556      5120.00
   26836.991     0.999829         6556      5851.43
   26869.759     0.999854         6557      6826.67
   26869.759     1.000000         6557          inf
#[Mean    =    17590.879, StdDeviation   =     5064.132]
#[Max     =    26853.376, Total count    =         6557]
#[Buckets =           27, SubBuckets     =         2048]
----------------------------------------------------------
  9799 requests in 30.02s, 2.01MB read
  Socket errors: connect 0, read 0, write 0, timeout 633
Requests/sec:    326.38
Transfer/sec:     68.53KB
