Running 30s test @ http://127.0.0.1:8080/index.html
  2 threads and 100 connections
  Thread calibration: mean lat.: 4545.027ms, rate sampling interval: 16064ms
  Thread calibration: mean lat.: 4545.733ms, rate sampling interval: 16113ms
  Thread Stats   Avg      Stdev     99%   +/- Stdev
    Latency    17.63s     5.05s   26.30s    57.84%
    Req/Sec   164.50      0.50   165.00    100.00%
  Latency Distribution (HdrHistogram - Recorded Latency)
 50.000%   17.63s 
 75.000%   22.00s 
 90.000%   24.64s 
 99.000%   26.30s 
 99.900%   26.72s 
 99.990%   26.97s 
 99.999%   27.00s 
100.000%   27.00s 

  Detailed Percentile spectrum:
       Value   Percentile   TotalCount 1/(1-Percentile)

    8261.631     0.000000            1         1.00
   10641.407     0.100000          656         1.11
   12410.879     0.200000         1309         1.25
   14139.391     0.300000         1963         1.43
   15884.287     0.400000         2617         1.67
   17629.183     0.500000         3271         2.00
   18497.535     0.550000         3599         2.22
   19365.887     0.600000         3924         2.50
   20250.623     0.650000         4254         2.86
   21135.359     0.700000         4583         3.33
   22003.711     0.750000         4905         4.00
   22462.463     0.775000         5073         4.44
   22872.063     0.800000         5232         5.00
   23314.431     0.825000         5396         5.71
   23756.799     0.850000         5560         6.67
   24166.399     0.875000         5724         8.00
   24395.775     0.887500         5809         8.89
   24641.535     0.900000         5891        10.00
   24854.527     0.912500         5970        11.43
   25051.135     0.925000         6051        13.33
   25264.127     0.937500         6135        16.00
   25395.199     0.943750         6173        17.78
   25493.503     0.950000         6216        20.00
   25591.807     0.956250         6255        22.86
   25722.879     0.962500         6299        26.67
   25821.183     0.968750         6338        32.00
   25886.719     0.971875         6360        35.56
   25952.255     0.975000         6378        40.00
   25985.023     0.978125         6397        45.71
   26050.559     0.981250         6421        53.33
   26132.479     0.984375         6439        64.00
   26181.631     0.985938         6450        71.11
   26214.399     0.987500         6461        80.00
   26263.551     0.989062         6470        91.43
   26296.319     0.990625         6480       106.67
   26345.471     0.992188         6490       128.00
   26378.239     0.992969         6498       142.22
   26394.623     0.993750         6500       160.00
   26427.391     0.994531         6507       182.86
   26443.775     0.995313         6510       213.33
   26509.311     0.996094         6515       256.00
   26525.695     0.996484         6519       284.44
   26542.079     0.996875         6521       320.00
   26591.231     0.997266         6523       365.71
   26623.999     0.997656         6525       426.67
   26673.151     0.998047         6529       512.00
   26673.151     0.998242         6529       568.89
   26689.535     0.998437         6530       640.00
   26705.919     0.998633         6532       731.43
   26722.303     0.998828         6533       853.33
   26738.687     0.999023         6534      1024.00
   26771.455     0.999121         6535      1137.78
   26771.455     0.999219         6535      1280.00
   26787.839     0.999316         6536      1462.86
   26836.991     0.999414         6538      1706.67
   26836.991     0.999512         6538      2048.00
   26836.991     0.999561         6538      2275.56
   26836.991     0.999609         6538      2560.00
   26836.991     0.999658         6538      2925.71
   26968.063     0.999707         6539      3413.33
   26968.063     0.999756         6539      4096.00
   26968.063     0.999780         6539      4551.11
   26968.063     0.999805         6539      5120.00
   26968.063     0.999829         6539      5851.43
   27000.831     0.999854         6540      6826.67
   27000.831     1.000000         6540          inf
#[Mean    =    17631.495, StdDeviation   =     5047.854]
#[Max     =    26984.448, Total count    =         6540]
#[Buckets =           27, SubBuckets     =         2048]
----------------------------------------------------------
  9781 requests in 30.01s, 2.01MB read
  Socket errors: connect 0, read 0, write 0, timeout 629
Requests/sec:    325.87
Transfer/sec:     68.42KB
