Running 30s test @ http://127.0.0.1:8080/index.html
  2 threads and 100 connections
  Thread calibration: mean lat.: 4476.947ms, rate sampling interval: 15851ms
  Thread calibration: mean lat.: 4495.365ms, rate sampling interval: 15876ms
  Thread Stats   Avg      Stdev     99%   +/- Stdev
    Latency    17.57s     5.09s   26.31s    57.98%
    Req/Sec   165.00      0.00   165.00    100.00%
  Latency Distribution (HdrHistogram - Recorded Latency)
 50.000%   17.58s 
 75.000%   21.97s 
 90.000%   24.61s 
 99.000%   26.31s 
 99.900%   26.82s 
 99.990%   27.05s 
 99.999%   27.18s 
100.000%   27.18s 

  Detailed Percentile spectrum:
       Value   Percentile   TotalCount 1/(1-Percentile)

    8282.111     0.000000            1         1.00
   10543.103     0.100000          659         1.11
   12287.999     0.200000         1317         1.25
   14049.279     0.300000         1971         1.43
   15835.135     0.400000         2627         1.67
   17580.031     0.500000         3286         2.00
   18464.767     0.550000         3614         2.22
   19316.735     0.600000         3941         2.50
   20217.855     0.650000         4272         2.86
   21102.591     0.700000         4599         3.33
   21970.943     0.750000         4926         4.00
   22396.927     0.775000         5092         4.44
   22872.063     0.800000         5261         5.00
   23281.663     0.825000         5417         5.71
   23740.415     0.850000         5588         6.67
   24182.783     0.875000         5750         8.00
   24395.775     0.887500         5829         8.89
   24608.767     0.900000         5911        10.00
   24821.759     0.912500         5992        11.43
   25051.135     0.925000         6074        13.33
   25280.511     0.937500         6161        16.00
   25362.431     0.943750         6200        17.78
   25477.119     0.950000         6239        20.00
   25591.807     0.956250         6285        22.86
   25706.495     0.962500         6325        26.67
   25837.567     0.968750         6365        32.00
   25870.335     0.971875         6383        35.56
   25952.255     0.975000         6411        40.00
   26001.407     0.978125         6424        45.71
   26066.943     0.981250         6444        53.33
   26148.863     0.984375         6468        64.00
   26181.631     0.985938         6474        71.11
   26230.783     0.987500         6484        80.00
   26296.319     0.989062         6497        91.43
   26329.087     0.990625         6506       106.67
   26394.623     0.992188         6518       128.00
   26411.007     0.992969         6521       142.22
   26443.775     0.993750         6525       160.00
   26509.311     0.994531         6532       182.86
   26558.463     0.995313         6537       213.33
   26607.615     0.996094         6541       256.00
   26623.999     0.996484         6545       284.44
   26640.383     0.996875         6546       320.00
   26673.151     0.997266         6550       365.71
   26689.535     0.997656         6551       426.67
   26755.071     0.998047         6554       512.00
   26771.455     0.998242         6556       568.89
   26771.455     0.998437         6556       640.00
   26804.223     0.998633         6558       731.43
   26820.607     0.998828         6559       853.33
   26869.759     0.999023         6561      1024.00
   26869.759     0.999121         6561      1137.78
   26869.759     0.999219         6561      1280.00
   26918.911     0.999316         6562      1462.86
   26935.295     0.999414         6563      1706.67
   26935.295     0.999512         6563      2048.00
   27049.983     0.999561         6565      2275.56
   27049.983     0.999609         6565      2560.00
   27049.983     0.999658         6565      2925.71
   27049.983     0.999707         6565      3413.33
   27049.983     0.999756         6565      4096.00
   27049.983     0.999780         6565      4551.11
   27049.983     0.999805         6565      5120.00
   27049.983     0.999829         6565      5851.43
   27181.055     0.999854         6566      6826.67
   27181.055     1.000000         6566          inf
#[Mean    =    17572.532, StdDeviation   =     5087.023]
#[Max     =    27164.672, Total count    =         6566]
#[Buckets =           27, SubBuckets     =         2048]
----------------------------------------------------------
  9784 requests in 30.03s, 2.01MB read
  Socket errors: connect 0, read 0, write 0, timeout 632
Requests/sec:    325.83
Transfer/sec:     68.41KB
