Running 30s test @ http://127.0.0.1:8080/index.html
  2 threads and 100 connections
  Thread calibration: mean lat.: 11.788ms, rate sampling interval: 32ms
  Thread calibration: mean lat.: 11.774ms, rate sampling interval: 32ms
  Thread Stats   Avg      Stdev     99%   +/- Stdev
    Latency    11.85ms    3.15ms  24.51ms   88.00%
    Req/Sec     0.89k   168.15     1.31k    66.10%
  Latency Distribution (HdrHistogram - Recorded Latency)
 50.000%   10.79ms
 75.000%   11.66ms
 90.000%   16.17ms
 99.000%   24.51ms
 99.900%   32.42ms
 99.990%   39.97ms
 99.999%   49.12ms
100.000%   49.12ms

  Detailed Percentile spectrum:
       Value   Percentile   TotalCount 1/(1-Percentile)

       8.479     0.000000            1         1.00
       9.871     0.100000         3488         1.11
      10.151     0.200000         7009         1.25
      10.367     0.300000        10478         1.43
      10.575     0.400000        14079         1.67
      10.791     0.500000        17520         2.00
      10.911     0.550000        19246         2.22
      11.047     0.600000        20996         2.50
      11.207     0.650000        22739         2.86
      11.391     0.700000        24429         3.33
      11.663     0.750000        26183         4.00
      11.839     0.775000        27048         4.44
      12.103     0.800000        27915         5.00
      12.543     0.825000        28783         5.71
      13.359     0.850000        29650         6.67
      14.727     0.875000        30522         8.00
      15.447     0.887500        30956         8.89
      16.175     0.900000        31397        10.00
      16.975     0.912500        31835        11.43
      17.711     0.925000        32266        13.33
      18.527     0.937500        32701        16.00
      18.879     0.943750        32918        17.78
      19.295     0.950000        33152        20.00
      19.647     0.956250        33358        22.86
      20.063     0.962500        33573        26.67
      20.463     0.968750        33791        32.00
      20.703     0.971875        33900        35.56
      20.959     0.975000        34010        40.00
      21.247     0.978125        34121        45.71
      21.727     0.981250        34226        53.33
      22.463     0.984375        34335        64.00
      22.895     0.985938        34390        71.11
      23.519     0.987500        34445        80.00
      24.143     0.989062        34499        91.43
      24.703     0.990625        34553       106.67
      25.343     0.992188        34609       128.00
      25.855     0.992969        34635       142.22
      26.511     0.993750        34662       160.00
      27.151     0.994531        34690       182.86
      27.647     0.995313        34717       213.33
      28.111     0.996094        34744       256.00
      28.479     0.996484        34759       284.44
      28.799     0.996875        34771       320.00
      29.071     0.997266        34785       365.71
      29.615     0.997656        34800       426.67
      30.255     0.998047        34812       512.00
      30.431     0.998242        34819       568.89
      30.751     0.998437        34826       640.00
      31.295     0.998633        34833       731.43
      32.079     0.998828        34840       853.33
      32.479     0.999023        34846      1024.00
      32.927     0.999121        34850      1137.78
      33.151     0.999219        34853      1280.00
      33.663     0.999316        34857      1462.86
      34.463     0.999414        34860      1706.67
      35.263     0.999512        34863      2048.00
      35.711     0.999561        34865      2275.56
      37.183     0.999609        34867      2560.00
      37.279     0.999658        34869      2925.71
      37.439     0.999707        34870      3413.33
      37.887     0.999756        34872      4096.00
      38.271     0.999780        34873      4551.11
      38.559     0.999805        34874      5120.00
      38.719     0.999829        34875      5851.43
      38.719     0.999854        34875      6826.67
      39.615     0.999878        34876      8192.00
      39.967     0.999890        34877      9102.22
      39.967     0.999902        34877     10240.00
      40.767     0.999915        34878     11702.86
      40.767     0.999927        34878     13653.33
      40.767     0.999939        34878     16384.00
      43.935     0.999945        34879     18204.44
      43.935     0.999951        34879     20480.00
      43.935     0.999957        34879     23405.71
      43.935     0.999963        34879     27306.67
      43.935     0.999969        34879     32768.00
      49.119     0.999973        34880     36408.89
      49.119     1.000000        34880          inf
#[Mean    =       11.853, StdDeviation   =        3.151]
#[Max     =       49.088, Total count    =        34880]
#[Buckets =           27, SubBuckets     =         2048]
----------------------------------------------------------
  52280 requests in 30.00s, 10.72MB read
Requests/sec:   1742.62
Transfer/sec:    365.88KB
