Running 30s test @ http://127.0.0.1:8080/index.html
  2 threads and 100 connections
  Thread calibration: mean lat.: 4513.398ms, rate sampling interval: 15958ms
  Thread calibration: mean lat.: 4561.191ms, rate sampling interval: 16130ms
  Thread Stats   Avg      Stdev     99%   +/- Stdev
    Latency    17.61s     5.04s   26.28s    57.81%
    Req/Sec   164.00      0.00   164.00    100.00%
  Latency Distribution (HdrHistogram - Recorded Latency)
 50.000%   17.63s 
 75.000%   21.97s 
 90.000%   24.58s 
 99.000%   26.28s 
 99.900%   26.74s 
 99.990%   26.98s 
 99.999%   27.05s 
100.000%   27.05s 

  Detailed Percentile spectrum:
       Value   Percentile   TotalCount 1/(1-Percentile)

    8343.551     0.000000            1         1.00
   10641.407     0.100000          657         1.11
   12369.919     0.200000         1313         1.25
   14131.199     0.300000         1963         1.43
   15859.711     0.400000         2615         1.67
   17629.183     0.500000         3270         2.00
   18530.303     0.550000         3601         2.22
   19365.887     0.600000         3924         2.50
   20234.239     0.650000         4253         2.86
   21102.591     0.700000         4577         3.33
   21970.943     0.750000         4905         4.00
   22413.311     0.775000         5072         4.44
   22872.063     0.800000         5235         5.00
   23265.279     0.825000         5399         5.71
   23724.031     0.850000         5563         6.67
   24150.015     0.875000         5724         8.00
   24363.007     0.887500         5806         8.89
   24592.383     0.900000         5893        10.00
   24788.991     0.912500         5969        11.43
   25018.367     0.925000         6047        13.33
   25231.359     0.937500         6131        16.00
   25346.047     0.943750         6175        17.78
   25460.735     0.950000         6219        20.00
   25575.423     0.956250         6256        22.86
   25690.111     0.962500         6299        26.67
   25772.031     0.968750         6334        32.00
   25870.335     0.971875         6360        35.56
   25919.487     0.975000         6375        40.00
   25968.639     0.978125         6395        45.71
   26034.175     0.981250         6419        53.33
   26116.095     0.984375         6437        64.00
   26148.863     0.985938         6446        71.11
   26198.015     0.987500         6458        80.00
   26247.167     0.989062         6467        91.43
   26296.319     0.990625         6478       106.67
   26312.703     0.992188         6486       128.00
   26361.855     0.992969         6492       142.22
   26411.007     0.993750         6499       160.00
   26427.391     0.994531         6502       182.86
   26460.159     0.995313         6507       213.33
   26509.311     0.996094         6515       256.00
   26509.311     0.996484         6515       284.44
   26525.695     0.996875         6517       320.00
   26558.463     0.997266         6520       365.71
   26591.231     0.997656         6523       426.67
   26623.999     0.998047         6525       512.00
   26656.767     0.998242         6526       568.89
   26673.151     0.998437         6528       640.00
   26689.535     0.998633         6529       731.43
   26738.687     0.998828         6530       853.33
   26787.839     0.999023         6531      1024.00
   26804.223     0.999121         6533      1137.78
   26804.223     0.999219         6533      1280.00
   26804.223     0.999316         6533      1462.86
   26836.991     0.999414         6534      1706.67
   26836.991     0.999512         6534      2048.00
   26902.527     0.999561         6535      2275.56
   26902.527     0.999609         6535      2560.00
   26902.527     0.999658         6535      2925.71
   26984.447     0.999707         6536      3413.33
   26984.447     0.999756         6536      4096.00
   26984.447     0.999780         6536      4551.11
   26984.447     0.999805         6536      5120.00
   26984.447     0.999829         6536      5851.43
   27049.983     0.999854         6537      6826.67
   27049.983     1.000000         6537          inf
#[Mean    =    17609.014, StdDeviation   =     5043.615]
#[Max     =    27033.600, Total count    =         6537]
#[Buckets =           27, SubBuckets     =         2048]
----------------------------------------------------------
  9803 requests in 30.02s, 2.01MB read
  Socket errors: connect 0, read 0, write 0, timeout 637
  Non-2xx or 3xx responses: 7
Requests/sec:    326.54
Transfer/sec:     68.57KB
