Running 30s test @ http://127.0.0.1:8080/index.html
  2 threads and 100 connections
  Thread calibration: mean lat.: 4529.166ms, rate sampling interval: 15974ms
  Thread calibration: mean lat.: 4510.867ms, rate sampling interval: 15949ms
  Thread Stats   Avg      Stdev     99%   +/- Stdev
    Latency    17.60s     5.06s   26.26s    58.06%
    Req/Sec   164.00      0.00   164.00    100.00%
  Latency Distribution (HdrHistogram - Recorded Latency)
 50.000%   17.63s 
 75.000%   21.97s 
 90.000%   24.59s 
 99.000%   26.26s 
 99.900%   26.74s 
 99.990%   27.00s 
 99.999%   27.12s 
100.000%   27.12s 

  Detailed Percentile spectrum:
       Value   Percentile   TotalCount 1/(1-Percentile)

    8318.975     0.000000            1         1.00
   10608.639     0.100000          659         1.11
   12361.727     0.200000         1311         1.25
   14082.047     0.300000         1963         1.43
   15835.135     0.400000         2618         1.67
   17629.183     0.500000         3277         2.00
   18497.535     0.550000         3602         2.22
   19382.271     0.600000         3929         2.50
   20250.623     0.650000         4260         2.86
   21118.975     0.700000         4580         3.33
   21970.943     0.750000         4908         4.00
   22396.927     0.775000         5072         4.44
   22855.679     0.800000         5236         5.00
   23298.047     0.825000         5401         5.71
   23707.647     0.850000         5563         6.67
   24166.399     0.875000         5725         8.00
   24379.391     0.887500         5810         8.89
   24592.383     0.900000         5890        10.00
   24805.375     0.912500         5971        11.43
   25034.751     0.925000         6054        13.33
   25264.127     0.937500         6140        16.00
   25362.431     0.943750         6176        17.78
   25477.119     0.950000         6219        20.00
   25575.423     0.956250         6262        22.86
   25690.111     0.962500         6300        26.67
   25804.799     0.968750         6341        32.00
   25853.951     0.971875         6361        35.56
   25935.871     0.975000         6383        40.00
   25985.023     0.978125         6401        45.71
   26034.175     0.981250         6420        53.33
   26099.711     0.984375         6440        64.00
   26165.247     0.985938         6453        71.11
   26214.399     0.987500         6465        80.00
   26247.167     0.989062         6471        91.43
   26296.319     0.990625         6482       106.67
   26345.471     0.992188         6491       128.00
   26394.623     0.992969         6500       142.22
   26411.007     0.993750         6505       160.00
   26427.391     0.994531         6509       182.86
   26460.159     0.995313         6512       213.33
   26492.927     0.996094         6519       256.00
   26509.311     0.996484         6520       284.44
   26542.079     0.996875         6522       320.00
   26607.615     0.997266         6526       365.71
   26623.999     0.997656         6527       426.67
   26656.767     0.998047         6530       512.00
   26689.535     0.998242         6533       568.89
   26689.535     0.998437         6533       640.00
   26705.919     0.998633         6534       731.43
   26738.687     0.998828         6535       853.33
   26771.455     0.999023         6537      1024.00
   26771.455     0.999121         6537      1137.78
   26771.455     0.999219         6537      1280.00
   26787.839     0.999316         6538      1462.86
   26836.991     0.999414         6539      1706.67
   26836.991     0.999512         6539      2048.00
   26951.679     0.999561         6540      2275.56
   26951.679     0.999609         6540      2560.00
   26951.679     0.999658         6540      2925.71
   27000.831     0.999707         6541      3413.33
   27000.831     0.999756         6541      4096.00
   27000.831     0.999780         6541      4551.11
   27000.831     0.999805         6541      5120.00
   27000.831     0.999829         6541      5851.43
   27115.519     0.999854         6542      6826.67
   27115.519     1.000000         6542          inf
#[Mean    =    17601.796, StdDeviation   =     5058.360]
#[Max     =    27099.136, Total count    =         6542]
#[Buckets =           27, SubBuckets     =         2048]
----------------------------------------------------------
  9799 requests in 30.02s, 2.01MB read
  Socket errors: connect 0, read 0, write 0, timeout 646
Requests/sec:    326.38
Transfer/sec:     68.53KB
