Running 30s test @ http://127.0.0.1:8080/index.html
  2 threads and 100 connections
  Thread calibration: mean lat.: 11.237ms, rate sampling interval: 30ms
  Thread calibration: mean lat.: 11.245ms, rate sampling interval: 30ms
  Thread Stats   Avg      Stdev     99%   +/- Stdev
    Latency    11.26ms    3.01ms  23.41ms   88.52%
    Req/Sec     0.89k   175.05     1.31k    66.42%
  Latency Distribution (HdrHistogram - Recorded Latency)
 50.000%   10.28ms
 75.000%   11.05ms
 90.000%   15.19ms
 99.000%   23.41ms
 99.900%   32.11ms
 99.990%   42.40ms
 99.999%   47.36ms
100.000%   47.36ms

  Detailed Percentile spectrum:
       Value   Percentile   TotalCount 1/(1-Percentile)

       7.963     0.000000            1         1.00
       9.415     0.100000         3503         1.11
       9.687     0.200000         7033         1.25
       9.887     0.300000        10502         1.43
      10.079     0.400000        14058         1.67
      10.279     0.500000        17564         2.00
      10.383     0.550000        19217         2.22
      10.511     0.600000        20993         2.50
      10.655     0.650000        22741         2.86
      10.815     0.700000        24415         3.33
      11.047     0.750000        26161         4.00
      11.207     0.775000        27044         4.44
      11.423     0.800000        27920         5.00
      11.743     0.825000        28788         5.71
      12.391     0.850000        29648         6.67
      13.679     0.875000        30520         8.00
      14.375     0.887500        30952         8.89
      15.191     0.900000        31390        10.00
      15.983     0.912500        31822        11.43
      16.815     0.925000        32261        13.33
      17.583     0.937500        32698        16.00
      17.951     0.943750        32919        17.78
      18.303     0.950000        33134        20.00
      18.671     0.956250        33352        22.86
      19.071     0.962500        33575        26.67
      19.455     0.968750        33784        32.00
      19.727     0.971875        33898        35.56
      19.967     0.975000        34006        40.00
      20.351     0.978125        34113        45.71
      20.847     0.981250        34220        53.33
      21.503     0.984375        34329        64.00
      21.935     0.985938        34383        71.11
      22.447     0.987500        34438        80.00
      23.055     0.989062        34492        91.43
      23.679     0.990625        34549       106.67
      24.431     0.992188        34601       128.00
      24.831     0.992969        34629       142.22
      25.343     0.993750        34656       160.00
      25.871     0.994531        34683       182.86
      26.543     0.995313        34710       213.33
      27.199     0.996094        34739       256.00
      27.407     0.996484        34751       284.44
      27.919     0.996875        34765       320.00
      28.319     0.997266        34778       365.71
      28.863     0.997656        34792       426.67
      29.503     0.998047        34805       512.00
      29.743     0.998242        34812       568.89
      30.095     0.998437        34819       640.00
      30.511     0.998633        34826       731.43
      31.583     0.998828        34833       853.33
      32.159     0.999023        34839      1024.00
      33.247     0.999121        34843      1137.78
      33.439     0.999219        34846      1280.00
      33.855     0.999316        34850      1462.86
      34.047     0.999414        34853      1706.67
      34.623     0.999512        34856      2048.00
      35.103     0.999561        34858      2275.56
      36.127     0.999609        34860      2560.00
      36.735     0.999658        34862      2925.71
      37.823     0.999707        34863      3413.33
      38.591     0.999756        34865      4096.00
      39.007     0.999780        34866      4551.11
      39.199     0.999805        34867      5120.00
      39.487     0.999829        34868      5851.43
      39.487     0.999854        34868      6826.67
      41.887     0.999878        34869      8192.00
      42.399     0.999890        34870      9102.22
      42.399     0.999902        34870     10240.00
      42.815     0.999915        34871     11702.86
      42.815     0.999927        34871     13653.33
      42.815     0.999939        34871     16384.00
      46.495     0.999945        34872     18204.44
      46.495     0.999951        34872     20480.00
      46.495     0.999957        34872     23405.71
      46.495     0.999963        34872     27306.67
      46.495     0.999969        34872     32768.00
      47.359     0.999973        34873     36408.89
      47.359     1.000000        34873          inf
#[Mean    =       11.257, StdDeviation   =        3.007]
#[Max     =       47.328, Total count    =        34873]
#[Buckets =           27, SubBuckets     =         2048]
----------------------------------------------------------
  52281 requests in 30.00s, 10.72MB read
Requests/sec:   1742.55
Transfer/sec:    365.87KB
