Running 30s test @ http://127.0.0.1:8080/index.html
  2 threads and 100 connections
  Thread calibration: mean lat.: 11.826ms, rate sampling interval: 32ms
  Thread calibration: mean lat.: 11.761ms, rate sampling interval: 32ms
  Thread Stats   Avg      Stdev     99%   +/- Stdev
    Latency    11.78ms    3.10ms  24.30ms   88.15%
    Req/Sec     0.89k   168.52     1.29k    65.62%
  Latency Distribution (HdrHistogram - Recorded Latency)
 50.000%   10.74ms
 75.000%   11.58ms
 90.000%   16.02ms
 99.000%   24.30ms
 99.900%   31.53ms
 99.990%   40.16ms
 99.999%   45.12ms
100.000%   45.12ms

  Detailed Percentile spectrum:
       Value   Percentile   TotalCount 1/(1-Percentile)

       8.207     0.000000            1         1.00
       9.855     0.100000         3538         1.11
      10.119     0.200000         6991         1.25
      10.327     0.300000        10498         1.43
      10.535     0.400000        14042         1.67
      10.743     0.500000        17494         2.00
      10.863     0.550000        19255         2.22
      10.999     0.600000        21027         2.50
      11.143     0.650000        22723         2.86
      11.327     0.700000        24452         3.33
      11.583     0.750000        26161         4.00
      11.759     0.775000        27051         4.44
      12.007     0.800000        27904         5.00
      12.407     0.825000        28786         5.71
      13.183     0.850000        29654         6.67
      14.455     0.875000        30522         8.00
      15.231     0.887500        30965         8.89
      16.023     0.900000        31394        10.00
      16.879     0.912500        31829        11.43
      17.663     0.925000        32265        13.33
      18.415     0.937500        32700        16.00
      18.751     0.943750        32918        17.78
      19.103     0.950000        33143        20.00
      19.487     0.956250        33356        22.86
      19.871     0.962500        33582        26.67
      20.271     0.968750        33794        32.00
      20.495     0.971875        33906        35.56
      20.735     0.975000        34011        40.00
      21.071     0.978125        34119        45.71
      21.487     0.981250        34228        53.33
      22.047     0.984375        34336        64.00
      22.447     0.985938        34390        71.11
      23.007     0.987500        34444        80.00
      23.919     0.989062        34498        91.43
      24.703     0.990625        34553       106.67
      25.471     0.992188        34607       128.00
      25.807     0.992969        34634       142.22
      26.239     0.993750        34662       160.00
      26.639     0.994531        34689       182.86
      27.183     0.995313        34716       213.33
      27.775     0.996094        34743       256.00
      28.095     0.996484        34757       284.44
      28.527     0.996875        34772       320.00
      29.055     0.997266        34784       365.71
      29.407     0.997656        34798       426.67
      30.063     0.998047        34811       512.00
      30.303     0.998242        34818       568.89
      30.719     0.998437        34825       640.00
      31.023     0.998633        34832       731.43
      31.295     0.998828        34840       853.33
      31.535     0.999023        34845      1024.00
      32.175     0.999121        34849      1137.78
      32.415     0.999219        34852      1280.00
      33.087     0.999316        34856      1462.86
      33.695     0.999414        34859      1706.67
      34.047     0.999512        34862      2048.00
      34.591     0.999561        34864      2275.56
      34.719     0.999609        34866      2560.00
      36.351     0.999658        34868      2925.71
      36.575     0.999707        34869      3413.33
      36.767     0.999756        34871      4096.00
      38.367     0.999780        34872      4551.11
      38.783     0.999805        34873      5120.00
      38.911     0.999829        34874      5851.43
      38.911     0.999854        34874      6826.67
      39.839     0.999878        34875      8192.00
      40.159     0.999890        34876      9102.22
      40.159     0.999902        34876     10240.00
      42.815     0.999915        34877     11702.86
      42.815     0.999927        34877     13653.33
      42.815     0.999939        34877     16384.00
      43.199     0.999945        34878     18204.44
      43.199     0.999951        34878     20480.00
      43.199     0.999957        34878     23405.71
      43.199     0.999963        34878     27306.67
      43.199     0.999969        34878     32768.00
      45.119     0.999973        34879     36408.89
      45.119     1.000000        34879          inf
#[Mean    =       11.783, StdDeviation   =        3.097]
#[Max     =       45.088, Total count    =        34879]
#[Buckets =           27, SubBuckets     =         2048]
----------------------------------------------------------
  52273 requests in 30.00s, 10.72MB read
Requests/sec:   1742.47
Transfer/sec:    365.85KB
