Running 30s test @ http://127.0.0.1:8080/index.html
  2 threads and 100 connections
  Thread calibration: mean lat.: 4493.912ms, rate sampling interval: 15974ms
  Thread calibration: mean lat.: 4463.435ms, rate sampling interval: 15843ms
  Thread Stats   Avg      Stdev     99%   +/- Stdev
    Latency    17.56s     5.07s   26.31s    57.75%
    Req/Sec   164.00      0.00   164.00    100.00%
  Latency Distribution (HdrHistogram - Recorded Latency)
 50.000%   17.53s 
 75.000%   21.99s 
 90.000%   24.59s 
 99.000%   26.31s 
 99.900%   26.84s 
 99.990%   27.00s 
 99.999%   27.08s 
100.000%   27.08s 

  Detailed Percentile spectrum:
       Value   Percentile   TotalCount 1/(1-Percentile)

    8294.399     0.000000            1         1.00
   10567.679     0.100000          654         1.11
   12296.191     0.200000         1303         1.25
   14041.087     0.300000         1957         1.43
   15794.175     0.400000         2608         1.67
   17530.879     0.500000         3260         2.00
   18431.999     0.550000         3588         2.22
   19300.351     0.600000         3911         2.50
   20201.471     0.650000         4236         2.86
   21053.439     0.700000         4561         3.33
   21987.327     0.750000         4893         4.00
   22429.695     0.775000         5049         4.44
   22872.063     0.800000         5221         5.00
   23298.047     0.825000         5376         5.71
   23724.031     0.850000         5540         6.67
   24166.399     0.875000         5700         8.00
   24379.391     0.887500         5784         8.89
   24592.383     0.900000         5863        10.00
   24821.759     0.912500         5952        11.43
   25018.367     0.925000         6026        13.33
   25247.743     0.937500         6110        16.00
   25346.047     0.943750         6150        17.78
   25493.503     0.950000         6196        20.00
   25575.423     0.956250         6234        22.86
   25706.495     0.962500         6274        26.67
   25804.799     0.968750         6312        32.00
   25837.567     0.971875         6331        35.56
   25919.487     0.975000         6352        40.00
   26017.791     0.978125         6377        45.71
   26066.943     0.981250         6395        53.33
   26116.095     0.984375         6414        64.00
   26181.631     0.985938         6424        71.11
   26214.399     0.987500         6433        80.00
   26296.319     0.989062         6447        91.43
   26312.703     0.990625         6453       106.67
   26361.855     0.992188         6465       128.00
   26378.239     0.992969         6470       142.22
   26394.623     0.993750         6474       160.00
   26443.775     0.994531         6479       182.86
   26509.311     0.995313         6485       213.33
   26558.463     0.996094         6490       256.00
   26591.231     0.996484         6494       284.44
   26591.231     0.996875         6494       320.00
   26623.999     0.997266         6497       365.71
   26656.767     0.997656         6500       426.67
   26673.151     0.998047         6502       512.00
   26705.919     0.998242         6503       568.89
   26738.687     0.998437         6504       640.00
   26804.223     0.998633         6506       731.43
   26836.991     0.998828         6507       853.33
   26853.375     0.999023         6508      1024.00
   26886.143     0.999121         6509      1137.78
   26886.143     0.999219         6509      1280.00
   26902.527     0.999316         6510      1462.86
   26935.295     0.999414         6511      1706.67
   26935.295     0.999512         6511      2048.00
   26951.679     0.999561         6512      2275.56
   26951.679     0.999609         6512      2560.00
   26951.679     0.999658         6512      2925.71
   27000.831     0.999707         6513      3413.33
   27000.831     0.999756         6513      4096.00
   27000.831     0.999780         6513      4551.11
   27000.831     0.999805         6513      5120.00
   27000.831     0.999829         6513      5851.43
   27082.751     0.999854         6514      6826.67
   27082.751     1.000000         6514          inf
#[Mean    =    17560.534, StdDeviation   =     5074.591]
#[Max     =    27066.368, Total count    =         6514]
#[Buckets =           27, SubBuckets     =         2048]
----------------------------------------------------------
  9740 requests in 30.03s, 2.00MB read
  Socket errors: connect 0, read 0, write 0, timeout 630
  Non-2xx or 3xx responses: 16
Requests/sec:    324.37
Transfer/sec:     68.13KB
