Running 30s test @ http://127.0.0.1:8080/index.html
  2 threads and 100 connections
  Thread calibration: mean lat.: 4478.370ms, rate sampling interval: 15974ms
  Thread calibration: mean lat.: 3989.645ms, rate sampling interval: 14286ms
  Thread Stats   Avg      Stdev     99%   +/- Stdev
    Latency    17.25s     5.09s   26.10s    58.41%
    Req/Sec   162.50      0.50   163.00    100.00%
  Latency Distribution (HdrHistogram - Recorded Latency)
 50.000%   17.27s 
 75.000%   21.63s 
 90.000%   24.25s 
 99.000%   26.10s 
 99.900%   26.67s 
 99.990%   27.08s 
 99.999%   27.10s 
100.000%   27.10s 

  Detailed Percentile spectrum:
       Value   Percentile   TotalCount 1/(1-Percentile)

    7544.831     0.000000            1         1.00
   10215.423     0.100000          655         1.11
   12025.855     0.200000         1309         1.25
   13762.559     0.300000         1965         1.43
   15523.839     0.400000         2616         1.67
   17268.735     0.500000         3270         2.00
   18153.471     0.550000         3597         2.22
   19038.207     0.600000         3927         2.50
   19906.559     0.650000         4258         2.86
   20758.527     0.700000         4579         3.33
   21626.879     0.750000         4904         4.00
   22052.863     0.775000         5071         4.44
   22495.231     0.800000         5230         5.00
   22937.599     0.825000         5395         5.71
   23347.199     0.850000         5557         6.67
   23822.335     0.875000         5725         8.00
   24051.711     0.887500         5808         8.89
   24248.319     0.900000         5883        10.00
   24461.311     0.912500         5968        11.43
   24674.303     0.925000         6049        13.33
   24920.063     0.937500         6135        16.00
   25034.751     0.943750         6173        17.78
   25149.439     0.950000         6216        20.00
   25247.743     0.956250         6257        22.86
   25362.431     0.962500         6291        26.67
   25477.119     0.968750         6333        32.00
   25559.039     0.971875         6354        35.56
   25640.959     0.975000         6373        40.00
   25722.879     0.978125         6395        45.71
   25804.799     0.981250         6417        53.33
   25903.103     0.984375         6435        64.00
   25968.639     0.985938         6446        71.11
   26017.791     0.987500         6459        80.00
   26066.943     0.989062         6465        91.43
   26132.479     0.990625         6475       106.67
   26198.015     0.992188         6485       128.00
   26247.167     0.992969         6491       142.22
   26279.935     0.993750         6496       160.00
   26329.087     0.994531         6501       182.86
   26345.471     0.995313         6507       213.33
   26394.623     0.996094         6512       256.00
   26443.775     0.996484         6515       284.44
   26460.159     0.996875         6517       320.00
   26525.695     0.997266         6520       365.71
   26542.079     0.997656         6521       426.67
   26574.847     0.998047         6525       512.00
   26574.847     0.998242         6525       568.89
   26607.615     0.998437         6526       640.00
   26656.767     0.998633         6528       731.43
   26673.151     0.998828         6529       853.33
   26689.535     0.999023         6530      1024.00
   26787.839     0.999121         6531      1137.78
   26787.839     0.999219         6531      1280.00
   26836.991     0.999316         6533      1462.86
   26836.991     0.999414         6533      1706.67
   26836.991     0.999512         6533      2048.00
   27082.751     0.999561         6535      2275.56
   27082.751     0.999609         6535      2560.00
   27082.751     0.999658         6535      2925.71
   27082.751     0.999707         6535      3413.33
   27082.751     0.999756         6535      4096.00
   27082.751     0.999780         6535      4551.11
   27082.751     0.999805         6535      5120.00
   27082.751     0.999829         6535      5851.43
   27099.135     0.999854         6536      6826.67
   27099.135     1.000000         6536          inf
#[Mean    =    17246.532, StdDeviation   =     5089.773]
#[Max     =    27082.752, Total count    =         6536]
#[Buckets =           27, SubBuckets     =         2048]
----------------------------------------------------------
  9545 requests in 30.01s, 1.96MB read
  Socket errors: connect 0, read 0, write 0, timeout 604
Requests/sec:    318.08
Transfer/sec:     66.78KB
