Running 30s test @ http://127.0.0.1:8080/index.html
  2 threads and 100 connections
  Thread calibration: mean lat.: 4028.088ms, rate sampling interval: 14221ms
  Thread calibration: mean lat.: 4543.064ms, rate sampling interval: 16048ms
  Thread Stats   Avg      Stdev     99%   +/- Stdev
    Latency    17.16s     5.10s   26.13s    58.12%
    Req/Sec   165.00      0.00   165.00    100.00%
  Latency Distribution (HdrHistogram - Recorded Latency)
 50.000%   17.15s 
 75.000%   21.54s 
 90.000%   24.20s 
 99.000%   26.13s 
 99.900%   26.72s 
 99.990%   27.00s 
 99.999%   27.07s 
100.000%   27.07s 

  Detailed Percentile spectrum:
       Value   Percentile   TotalCount 1/(1-Percentile)

    7671.807     0.000000            1         1.00
   10158.079     0.100000          659         1.11
   11894.783     0.200000         1317         1.25
   13639.679     0.300000         1973         1.43
   15417.343     0.400000         2630         1.67
   17154.047     0.500000         3287         2.00
   18038.783     0.550000         3618         2.22
   18907.135     0.600000         3943         2.50
   19791.871     0.650000         4278         2.86
   20676.607     0.700000         4602         3.33
   21561.343     0.750000         4930         4.00
   22003.711     0.775000         5097         4.44
   22446.079     0.800000         5259         5.00
   22872.063     0.825000         5424         5.71
   23314.431     0.850000         5588         6.67
   23756.799     0.875000         5751         8.00
   23969.791     0.887500         5833         8.89
   24199.167     0.900000         5916        10.00
   24428.543     0.912500         6000        11.43
   24641.535     0.925000         6082        13.33
   24870.911     0.937500         6163        16.00
   24985.599     0.943750         6207        17.78
   25100.287     0.950000         6246        20.00
   25198.591     0.956250         6284        22.86
   25329.663     0.962500         6325        26.67
   25477.119     0.968750         6372        32.00
   25526.271     0.971875         6387        35.56
   25608.191     0.975000         6407        40.00
   25722.879     0.978125         6429        45.71
   25804.799     0.981250         6449        53.33
   25903.103     0.984375         6469        64.00
   25935.871     0.985938         6480        71.11
   26034.175     0.987500         6493        80.00
   26099.711     0.989062         6501        91.43
   26148.863     0.990625         6510       106.67
   26214.399     0.992188         6520       128.00
   26279.935     0.992969         6526       142.22
   26329.087     0.993750         6532       160.00
   26394.623     0.994531         6537       182.86
   26411.007     0.995313         6541       213.33
   26443.775     0.996094         6547       256.00
   26460.159     0.996484         6551       284.44
   26460.159     0.996875         6551       320.00
   26542.079     0.997266         6555       365.71
   26558.463     0.997656         6557       426.67
   26673.151     0.998047         6559       512.00
   26689.535     0.998242         6560       568.89
   26705.919     0.998437         6561       640.00
   26722.303     0.998633         6564       731.43
   26722.303     0.998828         6564       853.33
   26738.687     0.999023         6565      1024.00
   26787.839     0.999121         6566      1137.78
   26787.839     0.999219         6566      1280.00
   26836.991     0.999316         6567      1462.86
   26951.679     0.999414         6568      1706.67
   26951.679     0.999512         6568      2048.00
   27000.831     0.999561         6570      2275.56
   27000.831     0.999609         6570      2560.00
   27000.831     0.999658         6570      2925.71
   27000.831     0.999707         6570      3413.33
   27000.831     0.999756         6570      4096.00
   27000.831     0.999780         6570      4551.11
   27000.831     0.999805         6570      5120.00
   27000.831     0.999829         6570      5851.43
   27066.367     0.999854         6571      6826.67
   27066.367     1.000000         6571          inf
#[Mean    =    17161.966, StdDeviation   =     5101.931]
#[Max     =    27049.984, Total count    =         6571]
#[Buckets =           27, SubBuckets     =         2048]
----------------------------------------------------------
  9648 requests in 30.05s, 1.98MB read
  Socket errors: connect 0, read 0, write 0, timeout 617
  Non-2xx or 3xx responses: 8
Requests/sec:    321.04
Transfer/sec:     67.42KB
