Running 30s test @ http://127.0.0.1:8080/index.html
  2 threads and 100 connections
  Thread calibration: mean lat.: 4536.524ms, rate sampling interval: 16072ms
  Thread calibration: mean lat.: 4023.327ms, rate sampling interval: 14221ms
  Thread Stats   Avg      Stdev     99%   +/- Stdev
    Latency    17.16s     5.10s   26.07s    58.08%
    Req/Sec   165.00      0.00   165.00    100.00%
  Latency Distribution (HdrHistogram - Recorded Latency)
 50.000%   17.15s 
 75.000%   21.56s 
 90.000%   24.20s 
 99.000%   26.07s 
 99.900%   26.80s 
 99.990%   27.03s 
 99.999%   27.33s 
100.000%   27.33s 

  Detailed Percentile spectrum:
       Value   Percentile   TotalCount 1/(1-Percentile)

    7274.495     0.000000            1         1.00
   10133.503     0.100000          659         1.11
   11902.975     0.200000         1317         1.25
   13672.447     0.300000         1972         1.43
   15400.959     0.400000         2629         1.67
   17154.047     0.500000         3285         2.00
   18038.783     0.550000         3619         2.22
   18907.135     0.600000         3950         2.50
   19775.487     0.650000         4270         2.86
   20676.607     0.700000         4601         3.33
   21561.343     0.750000         4930         4.00
   22003.711     0.775000         5092         4.44
   22446.079     0.800000         5256         5.00
   22872.063     0.825000         5424         5.71
   23314.431     0.850000         5584         6.67
   23740.415     0.875000         5752         8.00
   23969.791     0.887500         5832         8.89
   24199.167     0.900000         5914        10.00
   24412.159     0.912500         5998        11.43
   24625.151     0.925000         6083        13.33
   24821.759     0.937500         6159        16.00
   24969.215     0.943750         6203        17.78
   25083.903     0.950000         6242        20.00
   25198.591     0.956250         6286        22.86
   25313.279     0.962500         6326        26.67
   25427.967     0.968750         6366        32.00
   25509.887     0.971875         6388        35.56
   25575.423     0.975000         6406        40.00
   25657.343     0.978125         6426        45.71
   25755.647     0.981250         6448        53.33
   25886.719     0.984375         6468        64.00
   25919.487     0.985938         6481        71.11
   25952.255     0.987500         6488        80.00
   26017.791     0.989062         6499        91.43
   26099.711     0.990625         6508       106.67
   26181.631     0.992188         6518       128.00
   26214.399     0.992969         6524       142.22
   26247.167     0.993750         6529       160.00
   26279.935     0.994531         6534       182.86
   26394.623     0.995313         6541       213.33
   26460.159     0.996094         6546       256.00
   26460.159     0.996484         6546       284.44
   26509.311     0.996875         6552       320.00
   26509.311     0.997266         6552       365.71
   26574.847     0.997656         6554       426.67
   26705.919     0.998047         6557       512.00
   26722.303     0.998242         6558       568.89
   26738.687     0.998437         6560       640.00
   26787.839     0.998633         6561       731.43
   26804.223     0.998828         6564       853.33
   26804.223     0.999023         6564      1024.00
   26804.223     0.999121         6564      1137.78
   26804.223     0.999219         6564      1280.00
   26869.759     0.999316         6565      1462.86
   26886.143     0.999414         6566      1706.67
   26886.143     0.999512         6566      2048.00
   27000.831     0.999561         6567      2275.56
   27000.831     0.999609         6567      2560.00
   27000.831     0.999658         6567      2925.71
   27033.599     0.999707         6568      3413.33
   27033.599     0.999756         6568      4096.00
   27033.599     0.999780         6568      4551.11
   27033.599     0.999805         6568      5120.00
   27033.599     0.999829         6568      5851.43
   27328.511     0.999854         6569      6826.67
   27328.511     1.000000         6569          inf
#[Mean    =    17160.124, StdDeviation   =     5098.184]
#[Max     =    27312.128, Total count    =         6569]
#[Buckets =           27, SubBuckets     =         2048]
----------------------------------------------------------
  9650 requests in 30.05s, 1.98MB read
  Socket errors: connect 0, read 0, write 0, timeout 625
Requests/sec:    321.10
Transfer/sec:     67.42KB
