Running 30s test @ http://127.0.0.1:8080/index.html
  2 threads and 100 connections
  Thread calibration: mean lat.: 11.525ms, rate sampling interval: 31ms
  Thread calibration: mean lat.: 11.570ms, rate sampling interval: 31ms
  Thread Stats   Avg      Stdev     99%   +/- Stdev
    Latency    11.73ms    3.16ms  24.29ms   88.06%
    Req/Sec     0.89k   174.23     1.30k    67.24%
  Latency Distribution (HdrHistogram - Recorded Latency)
 50.000%   10.66ms
 75.000%   11.52ms
 90.000%   16.06ms
 99.000%   24.29ms
 99.900%   32.96ms
 99.990%   42.21ms
 99.999%   44.70ms
100.000%   44.70ms

  Detailed Percentile spectrum:
       Value   Percentile   TotalCount 1/(1-Percentile)

       8.231     0.000000            1         1.00
       9.775     0.100000         3526         1.11
      10.039     0.200000         7038         1.25
      10.247     0.300000        10491         1.43
      10.455     0.400000        14081         1.67
      10.663     0.500000        17459         2.00
      10.783     0.550000        19193         2.22
      10.919     0.600000        20978         2.50
      11.071     0.650000        22671         2.86
      11.263     0.700000        24446         3.33
      11.519     0.750000        26186         4.00
      11.695     0.775000        27057         4.44
      11.935     0.800000        27916         5.00
      12.343     0.825000        28785         5.71
      13.167     0.850000        29646         6.67
      14.551     0.875000        30520         8.00
      15.295     0.887500        30953         8.89
      16.063     0.900000        31391        10.00
      16.911     0.912500        31829        11.43
      17.615     0.925000        32261        13.33
      18.383     0.937500        32705        16.00
      18.735     0.943750        32917        17.78
      19.119     0.950000        33132        20.00
      19.503     0.956250        33355        22.86
      19.871     0.962500        33570        26.67
      20.351     0.968750        33788        32.00
      20.623     0.971875        33901        35.56
      20.911     0.975000        34007        40.00
      21.247     0.978125        34114        45.71
      21.775     0.981250        34223        53.33
      22.431     0.984375        34331        64.00
      22.911     0.985938        34386        71.11
      23.375     0.987500        34440        80.00
      23.887     0.989062        34494        91.43
      24.543     0.990625        34551       106.67
      25.311     0.992188        34603       128.00
      25.679     0.992969        34630       142.22
      26.239     0.993750        34658       160.00
      26.703     0.994531        34686       182.86
      27.183     0.995313        34713       213.33
      27.967     0.996094        34739       256.00
      28.415     0.996484        34753       284.44
      29.199     0.996875        34767       320.00
      29.503     0.997266        34780       365.71
      29.807     0.997656        34794       426.67
      30.623     0.998047        34807       512.00
      31.279     0.998242        34814       568.89
      31.999     0.998437        34821       640.00
      32.287     0.998633        34829       731.43
      32.687     0.998828        34835       853.33
      33.087     0.999023        34841      1024.00
      33.407     0.999121        34845      1137.78
      33.663     0.999219        34848      1280.00
      34.111     0.999316        34852      1462.86
      34.623     0.999414        34855      1706.67
      35.423     0.999512        34858      2048.00
      36.255     0.999561        34860      2275.56
      36.959     0.999609        34862      2560.00
      37.119     0.999658        34864      2925.71
      37.279     0.999707        34865      3413.33
      37.663     0.999756        34867      4096.00
      38.143     0.999780        34868      4551.11
      39.103     0.999805        34870      5120.00
      39.103     0.999829        34870      5851.43
      39.103     0.999854        34870      6826.67
      40.767     0.999878        34871      8192.00
      42.207     0.999890        34872      9102.22
      42.207     0.999902        34872     10240.00
      42.367     0.999915        34873     11702.86
      42.367     0.999927        34873     13653.33
      42.367     0.999939        34873     16384.00
      42.623     0.999945        34874     18204.44
      42.623     0.999951        34874     20480.00
      42.623     0.999957        34874     23405.71
      42.623     0.999963        34874     27306.67
      42.623     0.999969        34874     32768.00
      44.703     0.999973        34875     36408.89
      44.703     1.000000        34875          inf
#[Mean    =       11.728, StdDeviation   =        3.156]
#[Max     =       44.672, Total count    =        34875]
#[Buckets =           27, SubBuckets     =         2048]
----------------------------------------------------------
  52284 requests in 30.00s, 10.72MB read
  Non-2xx or 3xx responses: 49
Requests/sec:   1742.74
Transfer/sec:    366.00KB
