Running 30s test @ http://127.0.0.1:8080/index.html
  2 threads and 100 connections
  Thread calibration: mean lat.: 12.089ms, rate sampling interval: 33ms
  Thread calibration: mean lat.: 12.092ms, rate sampling interval: 33ms
  Thread Stats   Avg      Stdev     99%   +/- Stdev
    Latency    12.90ms   22.80ms  26.27ms   99.78%
    Req/Sec     0.89k   166.85     1.28k    66.28%
  Latency Distribution (HdrHistogram - Recorded Latency)
 50.000%   11.02ms
 75.000%   11.99ms
 90.000%   16.94ms
 99.000%   26.27ms
 99.900%  276.99ms
 99.990%  975.36ms
 99.999%    1.03s 
100.000%    1.03s 

  Detailed Percentile spectrum:
       Value   Percentile   TotalCount 1/(1-Percentile)

       8.711     0.000000            1         1.00
      10.047     0.100000         3507         1.11
      10.327     0.200000         7015         1.25
      10.567     0.300000        10559         1.43
      10.783     0.400000        14012         1.67
      11.023     0.500000        17538         2.00
      11.159     0.550000        19245         2.22
      11.311     0.600000        20996         2.50
      11.479     0.650000        22723         2.86
      11.695     0.700000        24461         3.33
      11.991     0.750000        26170         4.00
      12.191     0.775000        27049         4.44
      12.495     0.800000        27910         5.00
      12.983     0.825000        28786         5.71
      13.927     0.850000        29657         6.67
      15.271     0.875000        30530         8.00
      16.103     0.887500        30964         8.89
      16.943     0.900000        31405        10.00
      17.711     0.912500        31835        11.43
      18.543     0.925000        32274        13.33
      19.311     0.937500        32713        16.00
      19.679     0.943750        32926        17.78
      20.047     0.950000        33141        20.00
      20.431     0.956250        33368        22.86
      20.863     0.962500        33580        26.67
      21.423     0.968750        33794        32.00
      21.775     0.971875        33906        35.56
      22.207     0.975000        34016        40.00
      22.687     0.978125        34123        45.71
      23.359     0.981250        34231        53.33
      24.207     0.984375        34339        64.00
      24.671     0.985938        34396        71.11
      25.359     0.987500        34448        80.00
      25.967     0.989062        34504        91.43
      26.543     0.990625        34557       106.67
      27.487     0.992188        34615       128.00
      27.919     0.992969        34640       142.22
      28.431     0.993750        34667       160.00
      28.975     0.994531        34694       182.86
      29.871     0.995313        34721       213.33
      30.767     0.996094        34748       256.00
      31.327     0.996484        34762       284.44
      32.143     0.996875        34775       320.00
      33.471     0.997266        34789       365.71
      34.719     0.997656        34803       426.67
      37.407     0.998047        34816       512.00
      39.711     0.998242        34823       568.89
      41.055     0.998437        34830       640.00
      52.095     0.998633        34837       731.43
     164.863     0.998828        34844       853.33
     280.319     0.999023        34850      1024.00
     469.503     0.999121        34854      1137.78
     500.479     0.999219        34857      1280.00
     527.871     0.999316        34861      1462.86
     628.735     0.999414        34864      1706.67
     696.831     0.999512        34867      2048.00
     741.375     0.999561        34869      2275.56
     762.879     0.999609        34871      2560.00
     807.423     0.999658        34873      2925.71
     814.591     0.999707        34874      3413.33
     871.423     0.999756        34876      4096.00
     873.471     0.999780        34877      4551.11
     878.591     0.999805        34878      5120.00
     890.879     0.999829        34879      5851.43
     890.879     0.999854        34879      6826.67
     960.511     0.999878        34880      8192.00
     975.359     0.999890        34881      9102.22
     975.359     0.999902        34881     10240.00
    1020.927     0.999915        34882     11702.86
    1020.927     0.999927        34882     13653.33
    1020.927     0.999939        34882     16384.00
    1023.487     0.999945        34883     18204.44
    1023.487     0.999951        34883     20480.00
    1023.487     0.999957        34883     23405.71
    1023.487     0.999963        34883     27306.67
    1023.487     0.999969        34883     32768.00
    1025.023     0.999973        34884     36408.89
    1025.023     1.000000        34884          inf
#[Mean    =       12.903, StdDeviation   =       22.804]
#[Max     =     1024.512, Total count    =        34884]
#[Buckets =           27, SubBuckets     =         2048]
----------------------------------------------------------
  52276 requests in 30.00s, 10.72MB read
  Non-2xx or 3xx responses: 55
Requests/sec:   1742.56
Transfer/sec:    365.94KB
