Running 30s test @ http://127.0.0.1:8080/index.html
  2 threads and 100 connections
  Thread calibration: mean lat.: 12.219ms, rate sampling interval: 33ms
  Thread calibration: mean lat.: 12.171ms, rate sampling interval: 33ms
  Thread Stats   Avg      Stdev     99%   +/- Stdev
    Latency    12.30ms    3.42ms  26.19ms   87.82%
    Req/Sec     0.89k   156.90     1.25k    67.86%
  Latency Distribution (HdrHistogram - Recorded Latency)
 50.000%   11.14ms
 75.000%   12.14ms
 90.000%   17.02ms
 99.000%   26.19ms
 99.900%   35.20ms
 99.990%   45.38ms
 99.999%   48.58ms
100.000%   48.58ms

  Detailed Percentile spectrum:
       Value   Percentile   TotalCount 1/(1-Percentile)

       8.879     0.000000            1         1.00
      10.127     0.100000         3553         1.11
      10.415     0.200000         7006         1.25
      10.655     0.300000        10538         1.43
      10.887     0.400000        13966         1.67
      11.135     0.500000        17531         2.00
      11.271     0.550000        19215         2.22
      11.431     0.600000        21005         2.50
      11.607     0.650000        22669         2.86
      11.831     0.700000        24437         3.33
      12.143     0.750000        26186         4.00
      12.367     0.775000        27024         4.44
      12.687     0.800000        27895         5.00
      13.255     0.825000        28773         5.71
      14.207     0.850000        29639         6.67
      15.543     0.875000        30506         8.00
      16.311     0.887500        30946         8.89
      17.023     0.900000        31381        10.00
      17.823     0.912500        31822        11.43
      18.559     0.925000        32251        13.33
      19.327     0.937500        32689        16.00
      19.679     0.943750        32903        17.78
      20.079     0.950000        33124        20.00
      20.463     0.956250        33340        22.86
      20.911     0.962500        33561        26.67
      21.375     0.968750        33779        32.00
      21.631     0.971875        33887        35.56
      21.999     0.975000        34000        40.00
      22.399     0.978125        34105        45.71
      23.071     0.981250        34212        53.33
      23.871     0.984375        34321        64.00
      24.271     0.985938        34374        71.11
      25.023     0.987500        34429        80.00
      25.759     0.989062        34483        91.43
      26.479     0.990625        34538       106.67
      27.167     0.992188        34592       128.00
      27.535     0.992969        34619       142.22
      27.967     0.993750        34647       160.00
      28.703     0.994531        34674       182.86
      29.199     0.995313        34702       213.33
      29.887     0.996094        34728       256.00
      30.335     0.996484        34744       284.44
      30.703     0.996875        34756       320.00
      31.151     0.997266        34769       365.71
      31.871     0.997656        34783       426.67
      32.559     0.998047        34796       512.00
      33.119     0.998242        34803       568.89
      33.407     0.998437        34810       640.00
      34.111     0.998633        34817       731.43
      34.303     0.998828        34824       853.33
      35.423     0.999023        34830      1024.00
      35.903     0.999121        34834      1137.78
      36.351     0.999219        34837      1280.00
      37.343     0.999316        34841      1462.86
      37.791     0.999414        34844      1706.67
      38.623     0.999512        34847      2048.00
      39.135     0.999561        34849      2275.56
      39.647     0.999609        34851      2560.00
      40.415     0.999658        34853      2925.71
      41.023     0.999707        34854      3413.33
      42.239     0.999756        34856      4096.00
      43.199     0.999780        34857      4551.11
      43.295     0.999805        34858      5120.00
      43.967     0.999829        34859      5851.43
      43.967     0.999854        34859      6826.67
      44.287     0.999878        34860      8192.00
      45.375     0.999890        34861      9102.22
      45.375     0.999902        34861     10240.00
      45.631     0.999915        34862     11702.86
      45.631     0.999927        34862     13653.33
      45.631     0.999939        34862     16384.00
      46.367     0.999945        34863     18204.44
      46.367     0.999951        34863     20480.00
      46.367     0.999957        34863     23405.71
      46.367     0.999963        34863     27306.67
      46.367     0.999969        34863     32768.00
      48.575     0.999973        34864     36408.89
      48.575     1.000000        34864          inf
#[Mean    =       12.299, StdDeviation   =        3.416]
#[Max     =       48.544, Total count    =        34864]
#[Buckets =           27, SubBuckets     =         2048]
----------------------------------------------------------
  51412 requests in 30.00s, 10.54MB read
Requests/sec:   1713.83
Transfer/sec:    359.84KB
